chr	V1WASH7P	WASH9P	AP006222.1	AL732372.2	AL669831.3	MTND2P28	MTCO1P12	MTCO2P12	MTATP6P1	NOL9	ZBTB48	KLHL21	PHF13	THAP3	DNAJC11	CAMTA1	VAMP3	adi_r_rrb_c_total	adi_r_soc_a_total
DEMO001.p1	2.8973713	2.5328244	0.8084633	0.6124955	0.3080328	16.6770341	16.9551597	0.4909428	34.2531833	48.1283367	19.036681	36.2586343	22.1224378	6.5730695	104.1351735	19.7565075	18.6939919	85	22
DEMO002.p1	2.3893886	1.6871118	0.6099789	0.7886046	0.3657113	24.6348374	8.4530627	0.6852857	51.870846	40.7142122	19.3411768	19.5309392	24.1557907	7.4404746	109.6213067	20.1597284	19.6903141	98	26
DEMO003.p1	3.0181508	1.8337641	0.5095231	0.236199	0.4777894	25.2582839	20.0139716	0.160653	55.5859558	39.6455375	20.1245769	29.7450408	26.0149618	5	118.8601682	22.1209404	16.8635586	98	20
DEMO004.p1	3.7184239	1.0876259	0.4446137	0.182276	0.278173	21.5817818	5.9907447	0.4832341	35.7931768	47.4123621	20.0807031	20.5491365	27.0972656	6.4756124	90.621845	21.9155554	22.6847746	89	22
DEMO005.p1	2.3126773	1.5278086	0.0325173	1.3875155	0.2491506	26.7097143	15.9342855	0.4967789	53.6337613	43.8826861	16.4334959	25.1122725	20.8991108	7.2474318	124.3303337	20.9686476	16.4879652	89	23
DEMO006.p1	2.3126904	1.8554613	0.2980545	1.713744	0.2798243	31.2324069	23.9522781	0.5907281	48.1278093	48.5700025	17.0932624	31.3558024	23.4964963	6.2522168	83.479122	21.1759911	16.0716228	98	18
DEMO007.p1	3.7633703	1.2245032	0.3887764	0.8567939	0.4215402	43.0894872	8.0473184	0.2273489	52.2206016	47.3661881	19.2725529	27.2571201	23.0751641	9.1324113	101.482149	22.9164973	20.8162217	78	21
DEMO008.p1	3.1139478	1.987849	0.9199928	1.5021197	0.3628751	29.3966225	10.1685114	0.2123178	62.9679298	44.6358554	19.2706789	22.6890209	22.5400123	6.0698586	108.8831721	20.1126429	20.0833254	78	20
DEMO009.p1	2.1244205	1.4996807	0.6702664	1.1169816	0.277024	30.0604031	13.4982568	0.5439495	41.5461188	40.7660314	19.2725715	24.1387852	29.7963627	7.0599555	105.8099187	21.8206461	19.7482396	86	20
DEMO010.p1	2.934048	1.6541531	0	0.5129281	0.3813267	27.4044327	10.4826217	0.5034572	36.4626384	37.4257639	24.2790972	29.718391	25.7149451	7.6307406	96.7730048	20.696711	19.756691	92	17
DEMO011.p1	2.1292658	1.4991467	0.6634294	1.1168374	0.3397078	12.6498303	5.2466828	0.4950887	35.1048557	42.7674252	19.3563358	24.0785335	20.7173481	8.9412733	100.9187775	20.6734782	18.4755065	99	20
DEMO012.p1	2.1274162	2.7261391	0.4152212	1.8228219	0.4268645	27.787889	13.3428149	0.5123607	35.8418972	49.281994	20.2033485	27.8658344	27.2535858	6.0641378	98.0699907	22.6481653	16.7054913	113	22
DEMO013.p1	2.6935698	1.7932514	0.3130773	0.8785044	0.2597947	28.4818417	7.6884814	0.3275956	43.2289829	46.0704687	19.9310026	27.1822874	30.8664686	8.6631638	97.1063524	22.2381245	18.6516091	105	26
DEMO014.p1	0.9693758	1.2711445	0.7640867	1.8387862	0.2972338	47.7059369	15.3679622	0.4918057	47.4115197	38.7713061	19.4770869	24.3935986	27.5973958	7.5102331	111.496021	22.2202645	17.1456766	93	24
DEMO015.p1	1.1200657	2.2112725	0.9108498	0	0.2907892	26.4611123	8.4028788	0.502753	46.766908	45.8659046	18.0270961	35.5757764	19.9418901	6.5184913	106.5701549	22.9582182	20.4502395	95	29
DEMO016.p1	2.05017	1.1895782	0.875948	1.3931415	0.1836485	30.4123787	20.749672	0.3214167	52.2718325	46.9265869	19.6384538	29.5356761	23.0472978	7.9621035	96.070904	21.0315058	18.2058852	83	17
DEMO017.p1	1.6897351	1.9044318	0.2562739	0.9522282	0.359612	27.7223058	9.0837335	0.7858394	44.1300189	40.5807128	17.3407622	18.8994297	28.3007334	7.6990597	111.9959988	22.0229295	16.8490056	95	23
DEMO018.p1	2.7513979	0.8201649	0.4417757	0.7205956	0.3561055	18.6505757	11.3896924	0.5352899	58.5353408	45.7686255	18.1447721	27.7458173	22.3769916	6.8997831	106.0729952	20.5345999	17.8572283	92	21
DEMO019.p1	1.7735807	1.135907	0.6659422	0.9550565	0.3305113	37.1425825	17.0675861	0.2355654	41.3534317	45.2910436	17.7719547	24.3528541	25.8314583	7.5698021	111.1286212	21.4862495	19.3258629	99	29
DEMO020.p1	1.370157	1.8984306	0.8914408	0	0.3065413	34.0154643	6.8456784	0.5681796	71.2016917	39.2851485	18.6228112	30.4097333	26.8239022	7.1146864	109.2962884	20.8047854	17.3725509	85	17
